simulation,infection_day,contact_fraction,symptomatic_fraction,screening_fraction,undetected_fraction
sim_1,21,0.4639423076923077,0.026442307692307692,0.30528846153846156,0.20432692307692307
sim_1,22,0.45,0.011111111111111112,0.3333333333333333,0.20555555555555555
sim_1,23,0.4410377358490566,0.04481132075471698,0.3419811320754717,0.1721698113207547
sim_1,24,0.4609756097560976,0.03170731707317073,0.2975609756097561,0.2097560975609756
sim_1,25,0.4120734908136483,0.028871391076115485,0.37270341207349084,0.18635170603674542
sim_1,26,0.45305164319248825,0.04225352112676056,0.323943661971831,0.1807511737089202
sim_1,27,0.41445783132530123,0.03132530120481928,0.39759036144578314,0.1566265060240964
sim_1,28,0.4498714652956298,0.04627249357326478,0.33161953727506427,0.17223650385604114
sim_1,29,0.42824074074074076,0.027777777777777776,0.3449074074074074,0.19907407407407407
sim_1,30,0.38967136150234744,0.028169014084507043,0.3591549295774648,0.22300469483568075
sim_1,31,0.38631346578366443,0.04194260485651214,0.3576158940397351,0.2141280353200883
sim_1,32,0.39814814814814814,0.041666666666666664,0.35648148148148145,0.2037037037037037
sim_1,33,0.3922018348623853,0.04128440366972477,0.3761467889908257,0.19036697247706422
sim_1,34,0.42350332594235035,0.037694013303769404,0.3614190687361419,0.17738359201773837
sim_1,35,0.35990888382687924,0.05466970387243736,0.357630979498861,0.22779043280182232
sim_1,36,0.38204592901878914,0.031315240083507306,0.4133611691022965,0.1732776617954071
sim_1,37,0.3888888888888889,0.03292181069958848,0.39711934156378603,0.18106995884773663
sim_1,38,0.378076062639821,0.03131991051454139,0.36465324384787473,0.22595078299776286
sim_1,39,0.4344569288389513,0.03745318352059925,0.34831460674157305,0.1797752808988764
sim_1,40,0.3870967741935484,0.026565464895635674,0.3908918406072106,0.1954459203036053
sim_1,41,0.39568345323741005,0.039568345323741004,0.3579136690647482,0.2068345323741007
sim_1,42,0.44768439108061747,0.025728987993138937,0.3481989708404803,0.1783876500857633
sim_1,43,0.4500907441016334,0.029038112522686024,0.3629764065335753,0.15789473684210525
sim_1,44,0.4322916666666667,0.043402777777777776,0.328125,0.19618055555555555
sim_1,45,0.4115586690017513,0.028021015761821366,0.34851138353765326,0.2119089316987741
sim_1,46,0.4072249589490969,0.034482758620689655,0.367816091954023,0.19047619047619047
sim_1,47,0.43543046357615894,0.028145695364238412,0.3675496688741722,0.16887417218543047
sim_1,48,0.459214501510574,0.030211480362537766,0.3564954682779456,0.1540785498489426
sim_1,49,0.4236760124610592,0.0264797507788162,0.3598130841121495,0.19003115264797507
sim_1,50,0.439209726443769,0.034954407294832825,0.32370820668693007,0.20212765957446807
sim_1,51,0.4281391830559758,0.03479576399394856,0.34795763993948564,0.18910741301059
sim_1,52,0.39850746268656717,0.03582089552238806,0.3537313432835821,0.21194029850746268
sim_1,53,0.4444444444444444,0.03654970760233918,0.32748538011695905,0.1915204678362573
sim_1,54,0.4092178770949721,0.023743016759776536,0.3729050279329609,0.1941340782122905
sim_1,55,0.39260312944523473,0.02702702702702703,0.36415362731152207,0.21621621621621623
sim_1,56,0.39280958721704395,0.041278295605858856,0.35419440745672437,0.21171770972037285
sim_1,57,0.3940149625935162,0.04114713216957606,0.35785536159601,0.20698254364089774
sim_1,58,0.38562091503267976,0.044444444444444446,0.3673202614379085,0.20261437908496732
sim_1,59,0.4225721784776903,0.026246719160104987,0.37139107611548555,0.17979002624671916
sim_1,60,0.40415140415140416,0.03418803418803419,0.3663003663003663,0.19536019536019536
sim_1,61,0.41291108404384896,0.040194884287454324,0.35444579780755175,0.19244823386114496
sim_1,62,0.3867595818815331,0.041811846689895474,0.38443670150987225,0.18699186991869918
sim_1,63,0.39593301435406697,0.03349282296650718,0.35526315789473684,0.215311004784689
sim_1,64,0.4040728831725616,0.04072883172561629,0.3633440514469453,0.19185423365487675
sim_1,65,0.38506417736289383,0.03733955659276546,0.38506417736289383,0.19253208868144692
sim_10,21,0.4323607427055703,0.050397877984084884,0.32625994694960214,0.1909814323607427
sim_10,22,0.43175487465181056,0.027855153203342618,0.3593314763231198,0.181058495821727
sim_10,23,0.48128342245989303,0.0427807486631016,0.28609625668449196,0.18983957219251338
sim_10,24,0.4151436031331593,0.05221932114882506,0.3524804177545692,0.1801566579634465
sim_10,25,0.4352078239608802,0.012224938875305624,0.3422982885085575,0.21026894865525672
sim_10,26,0.4251968503937008,0.026246719160104987,0.35170603674540685,0.1968503937007874
sim_10,27,0.47549019607843135,0.031862745098039214,0.3161764705882353,0.17647058823529413
sim_10,28,0.40691489361702127,0.018617021276595744,0.3803191489361702,0.19414893617021275
sim_10,29,0.42424242424242425,0.025252525252525252,0.3686868686868687,0.18181818181818182
sim_10,30,0.44041450777202074,0.02849740932642487,0.3704663212435233,0.16062176165803108
sim_10,31,0.3936651583710407,0.024886877828054297,0.38235294117647056,0.19909502262443438
sim_10,32,0.4178743961352657,0.026570048309178744,0.38405797101449274,0.17149758454106281
sim_10,33,0.4192139737991266,0.028384279475982533,0.39956331877729256,0.15283842794759825
sim_10,34,0.41244239631336405,0.029953917050691243,0.35253456221198154,0.20506912442396313
sim_10,35,0.3981042654028436,0.04028436018957346,0.3933649289099526,0.16824644549763032
sim_10,36,0.41541755888650966,0.02569593147751606,0.36616702355460384,0.19271948608137046
sim_10,37,0.4088888888888889,0.04,0.3488888888888889,0.20222222222222222
sim_10,38,0.4096638655462185,0.03571428571428571,0.3592436974789916,0.1953781512605042
sim_10,39,0.3861607142857143,0.044642857142857144,0.36830357142857145,0.20089285714285715
sim_10,40,0.4161490683229814,0.049689440993788817,0.36438923395445133,0.16977225672877846
sim_10,41,0.41598360655737704,0.0389344262295082,0.3422131147540984,0.2028688524590164
sim_10,42,0.4103671706263499,0.0367170626349892,0.3412526997840173,0.21166306695464362
sim_10,43,0.4149139579349904,0.030592734225621414,0.35372848948374763,0.20076481835564053
sim_10,44,0.4302554027504912,0.03536345776031434,0.33988212180746563,0.1944990176817289
sim_10,45,0.39849624060150374,0.041353383458646614,0.34774436090225563,0.212406015037594
sim_10,46,0.4230088495575221,0.04070796460176991,0.3663716814159292,0.16991150442477876
sim_10,47,0.43956043956043955,0.023809523809523808,0.358974358974359,0.17765567765567766
sim_10,48,0.43594009983361065,0.036605657237936774,0.3227953410981697,0.20465890183028287
sim_10,49,0.4020100502512563,0.04020100502512563,0.32998324958123953,0.22780569514237856
sim_10,50,0.4407796101949025,0.020989505247376312,0.34782608695652173,0.1904047976011994
sim_10,51,0.433389544688027,0.0387858347386172,0.36593591905564926,0.16188870151770657
sim_10,52,0.4078303425774878,0.037520391517128875,0.3556280587275693,0.19902120717781402
sim_10,53,0.4272300469483568,0.03599374021909233,0.3458528951486698,0.19092331768388107
sim_10,54,0.391304347826087,0.040257648953301126,0.34299516908212563,0.22544283413848631
sim_10,55,0.4012251148545176,0.022970903522205207,0.36906584992343033,0.20673813169984687
sim_10,56,0.3411764705882353,0.029411764705882353,0.4102941176470588,0.21911764705882353
sim_10,57,0.3644859813084112,0.03271028037383177,0.40965732087227413,0.19314641744548286
sim_10,58,0.4156804733727811,0.026627218934911243,0.36538461538461536,0.19230769230769232
sim_10,59,0.3817663817663818,0.03276353276353276,0.37749287749287747,0.20797720797720798
sim_10,60,0.37920937042459735,0.032210834553440704,0.3821376281112738,0.20644216691068815
sim_10,61,0.36530324400564174,0.023977433004231313,0.385049365303244,0.22566995768688294
sim_10,62,0.3902439024390244,0.02295552367288379,0.38593974175035867,0.20086083213773315
sim_10,63,0.3657219973009447,0.02834008097165992,0.37112010796221323,0.23481781376518218
sim_10,64,0.3581081081081081,0.025675675675675677,0.3716216216216216,0.2445945945945946
sim_10,65,0.4108527131782946,0.03359173126614987,0.36175710594315247,0.1937984496124031
sim_11,21,0.46005509641873277,0.024793388429752067,0.31955922865013775,0.19559228650137742
sim_11,22,0.4742857142857143,0.022857142857142857,0.34285714285714286,0.16
sim_11,23,0.4713896457765668,0.013623978201634877,0.34877384196185285,0.16621253405994552
sim_11,24,0.390745501285347,0.028277634961439587,0.37789203084832906,0.20308483290488433
sim_11,25,0.4472049689440994,0.027950310559006212,0.3385093167701863,0.18633540372670807
sim_11,26,0.3753351206434316,0.045576407506702415,0.3806970509383378,0.19839142091152814
sim_11,27,0.42776203966005666,0.042492917847025496,0.33994334277620397,0.18980169971671387
sim_11,28,0.4342105263157895,0.02631578947368421,0.35,0.18947368421052632
sim_11,29,0.38524590163934425,0.03551912568306011,0.40437158469945356,0.17486338797814208
sim_11,30,0.42771084337349397,0.006024096385542169,0.35240963855421686,0.21385542168674698
sim_11,31,0.43490304709141275,0.0221606648199446,0.3545706371191136,0.1883656509695291
sim_11,32,0.48214285714285715,0.03869047619047619,0.29464285714285715,0.18452380952380953
sim_11,33,0.4501347708894879,0.026954177897574125,0.33962264150943394,0.18328840970350405
sim_11,34,0.4491017964071856,0.029940119760479042,0.3203592814371258,0.20059880239520958
sim_11,35,0.4877384196185286,0.035422343324250684,0.32697547683923706,0.14986376021798364
sim_11,36,0.42363112391930835,0.02881844380403458,0.37752161383285304,0.17002881844380405
sim_11,37,0.4262734584450402,0.045576407506702415,0.34048257372654156,0.1876675603217158
sim_11,38,0.41530054644808745,0.03551912568306011,0.3442622950819672,0.20491803278688525
sim_11,39,0.46981627296587924,0.026246719160104987,0.31758530183727035,0.18635170603674542
sim_11,40,0.3904494382022472,0.03651685393258427,0.36235955056179775,0.21067415730337077
sim_11,41,0.5118733509234829,0.03430079155672823,0.32981530343007914,0.12401055408970976
sim_11,42,0.4092071611253197,0.03324808184143223,0.3273657289002558,0.23017902813299232
sim_11,43,0.44047619047619047,0.03333333333333333,0.3523809523809524,0.1738095238095238
sim_11,44,0.41952506596306066,0.0316622691292876,0.35356200527704484,0.19525065963060687
sim_11,45,0.40097799511002447,0.02689486552567237,0.36674816625916873,0.20537897310513448
sim_11,46,0.4125560538116592,0.04484304932735426,0.3542600896860987,0.18834080717488788
sim_11,47,0.43309002433090027,0.038929440389294405,0.35036496350364965,0.17761557177615572
sim_11,48,0.40563991323210413,0.04121475054229935,0.37093275488069416,0.1822125813449024
sim_11,49,0.4168564920273349,0.029612756264236904,0.36674259681093396,0.1867881548974943
sim_11,50,0.40835266821345706,0.037122969837587005,0.3689095127610209,0.18561484918793503
sim_11,51,0.4330543933054393,0.03138075313807531,0.3368200836820084,0.19874476987447698
sim_11,52,0.46393762183235865,0.03898635477582846,0.31968810916179335,0.17738791423001948
sim_11,53,0.44840525328330205,0.043151969981238276,0.3339587242026266,0.17448405253283303
sim_11,54,0.44256756756756754,0.02533783783783784,0.34628378378378377,0.1858108108108108
sim_11,55,0.42162162162162165,0.025225225225225224,0.3675675675675676,0.18558558558558558
sim_11,56,0.4180478821362799,0.04604051565377532,0.3370165745856354,0.19889502762430938
sim_11,57,0.43156199677938806,0.02576489533011272,0.3397745571658615,0.2028985507246377
sim_11,58,0.42424242424242425,0.02861952861952862,0.3602693602693603,0.18686868686868688
sim_11,59,0.3671875,0.0359375,0.365625,0.23125
sim_11,60,0.41756548536209553,0.03852080123266564,0.3682588597842835,0.17565485362095531
sim_11,61,0.42563291139240506,0.028481012658227847,0.3338607594936709,0.2120253164556962
sim_11,62,0.3888048411497731,0.024205748865355523,0.37367624810892586,0.21331316187594554
sim_11,63,0.38152011922503726,0.028315946348733235,0.3889716840536513,0.20119225037257824
sim_11,64,0.36459909228441756,0.03479576399394856,0.3630862329803328,0.23751891074130105
sim_11,65,0.351931330472103,0.031473533619456366,0.38912732474964234,0.22746781115879827
sim_12,21,0.4484536082474227,0.03865979381443299,0.33505154639175255,0.17783505154639176
sim_12,22,0.4702842377260982,0.03359173126614987,0.28165374677002586,0.2144702842377261
sim_12,23,0.4739454094292804,0.02977667493796526,0.3225806451612903,0.17369727047146402
sim_12,24,0.4811083123425693,0.03526448362720403,0.2972292191435768,0.18639798488664988
sim_12,25,0.43112244897959184,0.03316326530612245,0.35714285714285715,0.17857142857142858
sim_12,26,0.4187192118226601,0.034482758620689655,0.33497536945812806,0.21182266009852216
sim_12,27,0.4807692307692308,0.03365384615384615,0.30528846153846156,0.18028846153846154
sim_12,28,0.45363408521303256,0.02756892230576441,0.3433583959899749,0.17543859649122806
sim_12,29,0.44786729857819907,0.037914691943127965,0.3127962085308057,0.2014218009478673
sim_12,30,0.43908045977011495,0.03218390804597701,0.3632183908045977,0.16551724137931034
sim_12,31,0.4222222222222222,0.027160493827160494,0.31851851851851853,0.23209876543209876
sim_12,32,0.41646489104116224,0.029055690072639227,0.37772397094430993,0.17675544794188863
sim_12,33,0.4004524886877828,0.024886877828054297,0.4004524886877828,0.17420814479638008
sim_12,34,0.40481927710843374,0.02650602409638554,0.344578313253012,0.22409638554216868
sim_12,35,0.3848101265822785,0.035443037974683546,0.3848101265822785,0.1949367088607595
sim_12,36,0.44680851063829785,0.02127659574468085,0.3546099290780142,0.1773049645390071
sim_12,37,0.39759036144578314,0.03132530120481928,0.35903614457831323,0.21204819277108433
sim_12,38,0.43237250554323725,0.031042128603104215,0.35920177383592017,0.17738359201773837
sim_12,39,0.45146726862302483,0.03160270880361174,0.3544018058690745,0.16252821670428894
sim_12,40,0.408675799086758,0.0273972602739726,0.3835616438356164,0.18036529680365296
sim_12,41,0.4308755760368664,0.03917050691244239,0.3617511520737327,0.16820276497695852
sim_12,42,0.4212678936605317,0.05521472392638037,0.2985685071574642,0.2249488752556237
sim_12,43,0.3898635477582846,0.03313840155945419,0.36062378167641324,0.21637426900584794
sim_12,44,0.4596774193548387,0.038306451612903226,0.31451612903225806,0.1875
sim_12,45,0.410752688172043,0.03225806451612903,0.35913978494623655,0.1978494623655914
sim_12,46,0.42524271844660194,0.021359223300970873,0.3844660194174757,0.16893203883495145
sim_12,47,0.45315487571701724,0.036328871892925434,0.3193116634799235,0.19120458891013384
sim_12,48,0.41532976827094475,0.0374331550802139,0.33511586452762926,0.21212121212121213
sim_12,49,0.4258373205741627,0.022328548644338118,0.3620414673046252,0.189792663476874
sim_12,50,0.39546191247974066,0.02593192868719611,0.3841166936790924,0.19448946515397084
sim_12,51,0.4174603174603175,0.03333333333333333,0.35714285714285715,0.19206349206349208
sim_12,52,0.39755351681957185,0.0382262996941896,0.3562691131498471,0.20795107033639143
sim_12,53,0.3985294117647059,0.026470588235294117,0.38676470588235295,0.18823529411764706
sim_12,54,0.4247159090909091,0.032670454545454544,0.34801136363636365,0.19460227272727273
sim_12,55,0.38247566063977745,0.0458970792767733,0.37273991655076494,0.19888734353268428
sim_12,56,0.43393602225312933,0.03337969401947149,0.33936022253129344,0.1933240611961057
sim_12,57,0.40312093628088425,0.033810143042912875,0.34980494148244473,0.21326397919375814
sim_12,58,0.3957091775923719,0.03098927294398093,0.3730631704410012,0.20023837902264602
sim_12,59,0.3972602739726027,0.048567870485678705,0.37608966376089664,0.1780821917808219
sim_12,60,0.36848072562358275,0.047619047619047616,0.37755102040816324,0.20634920634920634
sim_12,61,0.373134328358209,0.029850746268656716,0.399540757749713,0.19747416762342135
sim_12,62,0.40022421524663676,0.034753363228699555,0.3632286995515695,0.20179372197309417
sim_12,63,0.4306651634723788,0.04509582863585118,0.3201803833145434,0.2040586245772266
sim_12,64,0.3724867724867725,0.02328042328042328,0.38835978835978835,0.21587301587301588
sim_12,65,0.40809968847352024,0.028037383177570093,0.37279335410176534,0.19106957424714435
sim_13,21,0.4791666666666667,0.023148148148148147,0.28703703703703703,0.21064814814814814
sim_13,22,0.4560975609756098,0.01951219512195122,0.3170731707317073,0.2073170731707317
sim_13,23,0.43132530120481927,0.043373493975903614,0.35180722891566263,0.17349397590361446
sim_13,24,0.4338235294117647,0.04656862745098039,0.3137254901960784,0.20588235294117646
sim_13,25,0.40100250626566414,0.047619047619047616,0.3558897243107769,0.19548872180451127
sim_13,26,0.4375,0.02403846153846154,0.34134615384615385,0.1971153846153846
sim_13,27,0.4230769230769231,0.03333333333333333,0.34102564102564104,0.20256410256410257
sim_13,28,0.35279805352798055,0.0267639902676399,0.34549878345498786,0.2749391727493917
sim_13,29,0.39588688946015427,0.033419023136246784,0.38303341902313626,0.18766066838046272
sim_13,30,0.40703517587939697,0.03015075376884422,0.3542713567839196,0.20854271356783918
sim_13,31,0.39603960396039606,0.04455445544554455,0.3292079207920792,0.2301980198019802
sim_13,32,0.37819025522041766,0.03248259860788863,0.3805104408352668,0.2088167053364269
sim_13,33,0.3853658536585366,0.03414634146341464,0.3975609756097561,0.18292682926829268
sim_13,34,0.36525612472160357,0.04899777282850779,0.37861915367483295,0.2071269487750557
sim_13,35,0.4385150812064965,0.048723897911832945,0.33410672853828305,0.17865429234338748
sim_13,36,0.4332552693208431,0.03981264637002342,0.3325526932084309,0.19437939110070257
sim_13,37,0.41333333333333333,0.028888888888888888,0.3688888888888889,0.18888888888888888
sim_13,38,0.44834307992202727,0.03898635477582846,0.31773879142300193,0.1949317738791423
sim_13,39,0.4342379958246347,0.037578288100208766,0.3674321503131524,0.16075156576200417
sim_13,40,0.4581005586592179,0.0335195530726257,0.3426443202979516,0.16573556797020483
sim_13,41,0.4302788844621514,0.035856573705179286,0.34860557768924305,0.1852589641434263
sim_13,42,0.43283582089552236,0.024253731343283583,0.36007462686567165,0.1828358208955224
sim_13,43,0.4206081081081081,0.03209459459459459,0.34290540540540543,0.20439189189189189
sim_13,44,0.4420289855072464,0.03260869565217391,0.3278985507246377,0.19746376811594202
sim_13,45,0.3802588996763754,0.045307443365695796,0.35436893203883496,0.22006472491909385
sim_13,46,0.40746268656716417,0.029850746268656716,0.3582089552238806,0.2044776119402985
sim_13,47,0.37753510140405616,0.031201248049921998,0.3837753510140406,0.20748829953198128
sim_13,48,0.42989214175654855,0.032357473035439135,0.3420647149460709,0.19568567026194145
sim_13,49,0.3978658536585366,0.039634146341463415,0.36128048780487804,0.20121951219512196
sim_13,50,0.3868312757201646,0.027434842249657063,0.39643347050754457,0.18930041152263374
sim_13,51,0.4213564213564214,0.027417027417027416,0.35353535353535354,0.1976911976911977
sim_13,52,0.41838134430727025,0.024691358024691357,0.345679012345679,0.2112482853223594
sim_13,53,0.3992146596858639,0.04712041884816754,0.35340314136125656,0.20026178010471204
sim_13,54,0.40024783147459725,0.03717472118959108,0.3742255266418835,0.18835192069392812
sim_13,55,0.38333333333333336,0.02023809523809524,0.375,0.22142857142857142
sim_13,56,0.40425531914893614,0.031914893617021274,0.3723404255319149,0.19148936170212766
sim_13,57,0.35714285714285715,0.02857142857142857,0.3956043956043956,0.21868131868131868
sim_13,58,0.40089086859688194,0.03229398663697105,0.37193763919821826,0.19487750556792874
sim_13,59,0.3885955649419219,0.030623020063357972,0.3717001055966209,0.20908130939809927
sim_13,60,0.4078091106290672,0.0368763557483731,0.3752711496746204,0.18004338394793926
sim_13,61,0.41963322545846815,0.022653721682847898,0.35382955771305286,0.20388349514563106
sim_13,62,0.358974358974359,0.048205128205128206,0.40307692307692305,0.18974358974358974
sim_13,63,0.3955600403632694,0.03128153380423814,0.36730575176589303,0.2058526740665994
sim_13,64,0.4072265625,0.0302734375,0.3837890625,0.1787109375
sim_13,65,0.4106962663975782,0.027245206861755803,0.36528758829465185,0.19677093844601412
sim_14,21,0.4296482412060301,0.032663316582914576,0.3442211055276382,0.1934673366834171
sim_14,22,0.4257703081232493,0.036414565826330535,0.3333333333333333,0.20448179271708683
sim_14,23,0.458628841607565,0.03546099290780142,0.30969267139479906,0.19621749408983452
sim_14,24,0.39593908629441626,0.02284263959390863,0.4137055837563452,0.16751269035532995
sim_14,25,0.40294840294840295,0.02702702702702703,0.3832923832923833,0.18673218673218672
sim_14,26,0.42961165048543687,0.02669902912621359,0.3592233009708738,0.18446601941747573
sim_14,27,0.4597402597402597,0.03116883116883117,0.3246753246753247,0.18441558441558442
sim_14,28,0.3955773955773956,0.02702702702702703,0.37346437346437344,0.20393120393120392
sim_14,29,0.3713527851458886,0.05305039787798409,0.3687002652519894,0.20689655172413793
sim_14,30,0.4275,0.0325,0.315,0.225
sim_14,31,0.4085510688836104,0.03800475059382423,0.33016627078384797,0.22327790973871733
sim_14,32,0.4315245478036176,0.025839793281653745,0.36175710594315247,0.18087855297157623
sim_14,33,0.40633245382585753,0.023746701846965697,0.32981530343007914,0.24010554089709762
sim_14,34,0.3902439024390244,0.03902439024390244,0.33902439024390246,0.23170731707317074
sim_14,35,0.42091836734693877,0.02295918367346939,0.375,0.18112244897959184
sim_14,36,0.34507042253521125,0.03755868544600939,0.42018779342723006,0.19718309859154928
sim_14,37,0.3787878787878788,0.03535353535353535,0.3611111111111111,0.22474747474747475
sim_14,38,0.40707964601769914,0.01991150442477876,0.38495575221238937,0.18805309734513273
sim_14,39,0.35294117647058826,0.034858387799564274,0.3899782135076253,0.2222222222222222
sim_14,40,0.40898876404494383,0.051685393258426963,0.3303370786516854,0.20898876404494382
sim_14,41,0.43655913978494626,0.034408602150537634,0.34408602150537637,0.18494623655913978
sim_14,42,0.38413361169102295,0.025052192066805846,0.4091858037578288,0.18162839248434237
sim_14,43,0.40764331210191085,0.04246284501061571,0.3503184713375796,0.19957537154989385
sim_14,44,0.43656716417910446,0.029850746268656716,0.34701492537313433,0.1865671641791045
sim_14,45,0.38188976377952755,0.03740157480314961,0.3720472440944882,0.20866141732283464
sim_14,46,0.3773946360153257,0.034482758620689655,0.3505747126436782,0.23754789272030652
sim_14,47,0.33579335793357934,0.03136531365313653,0.3948339483394834,0.23800738007380073
sim_14,48,0.3333333333333333,0.03867403314917127,0.4162062615101289,0.21178637200736647
sim_14,49,0.33879781420765026,0.04007285974499089,0.4225865209471767,0.19854280510018216
sim_14,50,0.3351749539594843,0.034990791896869246,0.4180478821362799,0.21178637200736647
sim_14,51,0.3957968476357268,0.03327495621716287,0.3380035026269702,0.2329246935201401
sim_14,52,0.3395904436860068,0.04607508532423208,0.39590443686006827,0.21843003412969283
sim_14,53,0.3970345963756178,0.04118616144975288,0.3542009884678748,0.20757825370675453
sim_14,54,0.4012841091492777,0.03210272873194221,0.33707865168539325,0.22953451043338685
sim_14,55,0.3905996758508914,0.03079416531604538,0.3711507293354943,0.20745542949756887
sim_14,56,0.3926940639269406,0.0289193302891933,0.3729071537290715,0.2054794520547945
sim_14,57,0.39415041782729804,0.036211699164345405,0.36908077994428967,0.20055710306406685
sim_14,58,0.3768996960486322,0.037993920972644375,0.378419452887538,0.2066869300911854
sim_14,59,0.3875739644970414,0.029585798816568046,0.3905325443786982,0.19230769230769232
sim_14,60,0.379746835443038,0.0379746835443038,0.3755274261603376,0.20675105485232068
sim_14,61,0.3792172739541161,0.02834008097165992,0.3765182186234818,0.21592442645074225
sim_14,62,0.36666666666666664,0.02666666666666667,0.41333333333333333,0.19333333333333333
sim_14,63,0.38261997405966275,0.042801556420233464,0.3968871595330739,0.17769130998702984
sim_14,64,0.3743654822335025,0.04187817258883249,0.37944162436548223,0.20431472081218274
sim_14,65,0.3940520446096654,0.03345724907063197,0.35192069392812886,0.22057001239157373
sim_15,21,0.4318766066838046,0.04113110539845758,0.3444730077120823,0.18251928020565553
sim_15,22,0.4190751445086705,0.03757225433526012,0.36127167630057805,0.18208092485549132
sim_15,23,0.43609022556390975,0.02756892230576441,0.3609022556390977,0.17543859649122806
sim_15,24,0.49385749385749383,0.02702702702702703,0.31203931203931207,0.16707616707616707
sim_15,25,0.4181360201511335,0.037783375314861464,0.345088161209068,0.19899244332493704
sim_15,26,0.4252577319587629,0.03350515463917526,0.35051546391752575,0.19072164948453607
sim_15,27,0.49770642201834864,0.034403669724770644,0.2981651376146789,0.16972477064220184
sim_15,28,0.4339152119700748,0.03740648379052369,0.3740648379052369,0.1546134663341646
sim_15,29,0.4465753424657534,0.01643835616438356,0.3506849315068493,0.1863013698630137
sim_15,30,0.4567307692307692,0.028846153846153848,0.33653846153846156,0.1778846153846154
sim_15,31,0.4014084507042254,0.028169014084507043,0.3826291079812207,0.18779342723004694
sim_15,32,0.44798301486199577,0.03821656050955414,0.3651804670912951,0.14861995753715498
sim_15,33,0.445916114790287,0.03090507726269316,0.32229580573951433,0.20088300220750552
sim_15,34,0.45670995670995673,0.03463203463203463,0.3008658008658009,0.2077922077922078
sim_15,35,0.4714003944773176,0.03155818540433925,0.3155818540433925,0.1814595660749507
sim_15,36,0.4626865671641791,0.02771855010660981,0.3006396588486141,0.208955223880597
sim_15,37,0.4324853228962818,0.03522504892367906,0.3287671232876712,0.2035225048923679
sim_15,38,0.44025157232704404,0.039832285115303984,0.34591194968553457,0.1740041928721174
sim_15,39,0.35294117647058826,0.04411764705882353,0.38445378151260506,0.2184873949579832
sim_15,40,0.406,0.038,0.362,0.194
sim_15,41,0.3945720250521921,0.033402922755741124,0.35490605427974947,0.21711899791231734
sim_15,42,0.45030425963488846,0.036511156186612576,0.33874239350912777,0.1744421906693712
sim_15,43,0.45489443378119004,0.0345489443378119,0.3397312859884837,0.1708253358925144
sim_15,44,0.4174397031539889,0.029684601113172542,0.33766233766233766,0.21521335807050093
sim_15,45,0.4359430604982206,0.03558718861209965,0.34519572953736655,0.18327402135231316
sim_15,46,0.4339622641509434,0.032590051457975985,0.3567753001715266,0.17667238421955403
sim_15,47,0.4461805555555556,0.03993055555555555,0.3298611111111111,0.1840277777777778
sim_15,48,0.425531914893617,0.01950354609929078,0.35638297872340424,0.19858156028368795
sim_15,49,0.44148936170212766,0.03546099290780142,0.3528368794326241,0.1702127659574468
sim_15,50,0.43423137876386686,0.03645007923930269,0.33438985736925514,0.1949286846275753
sim_15,51,0.44073455759599334,0.04006677796327212,0.3572621035058431,0.16193656093489148
sim_15,52,0.378698224852071,0.04142011834319527,0.3772189349112426,0.20266272189349113
sim_15,53,0.4014814814814815,0.03259259259259259,0.3762962962962963,0.18962962962962962
sim_15,54,0.3845070422535211,0.03943661971830986,0.36056338028169016,0.21549295774647886
sim_15,55,0.4156545209176788,0.037786774628879895,0.3616734143049933,0.18488529014844804
sim_15,56,0.41863699582753827,0.03477051460361613,0.37273991655076494,0.17385257301808066
sim_15,57,0.41201117318435754,0.046089385474860335,0.36312849162011174,0.1787709497206704
sim_15,58,0.4053724053724054,0.03663003663003663,0.3492063492063492,0.2087912087912088
sim_15,59,0.414021164021164,0.03306878306878307,0.3584656084656085,0.19444444444444445
sim_15,60,0.44814814814814813,0.03333333333333333,0.34074074074074073,0.17777777777777778
sim_15,61,0.4311377245508982,0.031137724550898204,0.3520958083832335,0.18562874251497005
sim_15,62,0.3931818181818182,0.03068181818181818,0.37727272727272726,0.19886363636363635
sim_15,63,0.3984287317620651,0.037037037037037035,0.3613916947250281,0.2031425364758698
sim_15,64,0.39482961222091656,0.04465334900117509,0.36310223266745006,0.19741480611045828
sim_15,65,0.3952991452991453,0.030982905982905984,0.3643162393162393,0.2094017094017094
sim_16,21,0.476878612716763,0.023121387283236993,0.31213872832369943,0.18786127167630057
sim_16,22,0.4307228915662651,0.018072289156626505,0.35542168674698793,0.19578313253012047
sim_16,23,0.44324324324324327,0.02972972972972973,0.37567567567567567,0.15135135135135136
sim_16,24,0.4115942028985507,0.04057971014492753,0.32753623188405795,0.22028985507246376
sim_16,25,0.44510385756676557,0.03857566765578635,0.3293768545994065,0.18694362017804153
sim_16,26,0.43440233236151604,0.026239067055393587,0.3498542274052478,0.18950437317784258
sim_16,27,0.4730878186968839,0.042492917847025496,0.3286118980169972,0.1558073654390935
sim_16,28,0.48148148148148145,0.037037037037037035,0.30687830687830686,0.1746031746031746
sim_16,29,0.45478723404255317,0.047872340425531915,0.34308510638297873,0.15425531914893617
sim_16,30,0.44919786096256686,0.02406417112299465,0.3315508021390374,0.19518716577540107
sim_16,31,0.4731182795698925,0.02956989247311828,0.32526881720430106,0.17204301075268819
sim_16,32,0.4434782608695652,0.03768115942028986,0.3217391304347826,0.19710144927536233
sim_16,33,0.4265129682997118,0.04610951008645533,0.3515850144092219,0.17579250720461095
sim_16,34,0.4959785522788204,0.040214477211796246,0.3109919571045576,0.15281501340482573
sim_16,35,0.4017094017094017,0.03133903133903134,0.3646723646723647,0.2022792022792023
sim_16,36,0.47297297297297297,0.02702702702702703,0.327027027027027,0.17297297297297298
sim_16,37,0.49473684210526314,0.031578947368421054,0.3105263157894737,0.1631578947368421
sim_16,38,0.39466666666666667,0.032,0.336,0.23733333333333334
sim_16,39,0.4674698795180723,0.02891566265060241,0.3421686746987952,0.1614457831325301
sim_16,40,0.4,0.03636363636363636,0.3220779220779221,0.24155844155844156
sim_16,41,0.428927680798005,0.0399002493765586,0.3341645885286783,0.1970074812967581
sim_16,42,0.3950617283950617,0.03950617283950617,0.32592592592592595,0.23950617283950618
sim_16,43,0.4572127139364303,0.03667481662591687,0.3594132029339853,0.1466992665036675
sim_16,44,0.40476190476190477,0.0380952380952381,0.35714285714285715,0.2
sim_16,45,0.36538461538461536,0.03125,0.3942307692307692,0.2091346153846154
sim_16,46,0.4068627450980392,0.041666666666666664,0.35294117647058826,0.19852941176470587
sim_16,47,0.4647887323943662,0.04225352112676056,0.3192488262910798,0.17370892018779344
sim_16,48,0.41113490364025695,0.04068522483940043,0.34475374732334046,0.20342612419700215
sim_16,49,0.4046610169491525,0.03389830508474576,0.3771186440677966,0.1843220338983051
sim_16,50,0.4228187919463087,0.042505592841163314,0.3042505592841163,0.23042505592841164
sim_16,51,0.475,0.03333333333333333,0.325,0.16666666666666666
sim_16,52,0.4188911704312115,0.03285420944558522,0.3408624229979466,0.20739219712525667
sim_16,53,0.45886654478976235,0.010968921389396709,0.3327239488117002,0.19744058500914077
sim_16,54,0.4789579158316633,0.026052104208416832,0.3026052104208417,0.19238476953907815
sim_16,55,0.46210720887245843,0.03512014787430684,0.32532347504621073,0.17744916820702403
sim_16,56,0.4029574861367837,0.04251386321626617,0.35304990757855825,0.20147874306839186
sim_16,57,0.41385767790262173,0.03932584269662921,0.3895131086142322,0.15730337078651685
sim_16,58,0.42857142857142855,0.012987012987012988,0.3450834879406308,0.21335807050092764
sim_16,59,0.4059040590405904,0.04059040590405904,0.34501845018450183,0.20848708487084872
sim_16,60,0.40574506283662476,0.03231597845601436,0.35547576301615796,0.20646319569120286
sim_16,61,0.4242957746478873,0.051056338028169015,0.3573943661971831,0.16725352112676056
sim_16,62,0.40597539543058,0.03866432337434095,0.3444639718804921,0.210896309314587
sim_16,63,0.44173913043478263,0.02434782608695652,0.3234782608695652,0.21043478260869566
sim_16,64,0.4194078947368421,0.03618421052631579,0.34539473684210525,0.19901315789473684
sim_16,65,0.3767123287671233,0.03595890410958904,0.3681506849315068,0.2191780821917808
sim_17,21,0.4691011235955056,0.03932584269662921,0.3061797752808989,0.1853932584269663
sim_17,22,0.4789473684210526,0.042105263157894736,0.31842105263157894,0.16052631578947368
sim_17,23,0.4293628808864266,0.036011080332409975,0.3684210526315789,0.16620498614958448
sim_17,24,0.4971751412429379,0.03389830508474576,0.2966101694915254,0.17231638418079095
sim_17,25,0.48476454293628807,0.036011080332409975,0.3185595567867036,0.16066481994459833
sim_17,26,0.4903047091412742,0.0332409972299169,0.30193905817174516,0.1745152354570637
sim_17,27,0.4756756756756757,0.02702702702702703,0.3567567567567568,0.14054054054054055
sim_17,28,0.4652956298200514,0.038560411311053984,0.3059125964010283,0.19023136246786632
sim_17,29,0.44327176781002636,0.047493403693931395,0.32189973614775724,0.18733509234828497
sim_17,30,0.45864661654135336,0.03759398496240601,0.3609022556390977,0.14285714285714285
sim_17,31,0.47341772151898737,0.02278481012658228,0.3468354430379747,0.1569620253164557
sim_17,32,0.44415584415584414,0.03636363636363636,0.36103896103896105,0.15844155844155844
sim_17,33,0.4834123222748815,0.023696682464454975,0.2985781990521327,0.1943127962085308
sim_17,34,0.47044334975369456,0.034482758620689655,0.3374384236453202,0.15763546798029557
sim_17,35,0.4266666666666667,0.04888888888888889,0.3422222222222222,0.18222222222222223
sim_17,36,0.45610278372591007,0.02569593147751606,0.3083511777301927,0.20985010706638116
sim_17,37,0.40707964601769914,0.024336283185840708,0.3694690265486726,0.19911504424778761
sim_17,38,0.42915811088295686,0.045174537987679675,0.34496919917864477,0.1806981519507187
sim_17,39,0.3987473903966597,0.031315240083507306,0.35908141962421714,0.21085594989561587
sim_17,40,0.4346938775510204,0.04693877551020408,0.3183673469387755,0.2
sim_17,41,0.4372623574144487,0.026615969581749048,0.344106463878327,0.1920152091254753
sim_17,42,0.4362657091561939,0.02872531418312388,0.35727109515260325,0.17773788150807898
sim_17,43,0.4716636197440585,0.029250457038391225,0.3436928702010969,0.15539305301645337
sim_17,44,0.4405594405594406,0.02972027972027972,0.34965034965034963,0.18006993006993008
sim_17,45,0.42857142857142855,0.052545155993431854,0.3366174055829228,0.18226600985221675
sim_17,46,0.4232081911262799,0.030716723549488054,0.37372013651877134,0.17235494880546076
sim_17,47,0.469721767594108,0.031096563011456628,0.32405891980360063,0.1751227495908347
sim_17,48,0.424,0.0224,0.3664,0.1872
sim_17,49,0.4464,0.0272,0.336,0.1904
sim_17,50,0.45685279187817257,0.03553299492385787,0.3299492385786802,0.17766497461928935
sim_17,51,0.40902021772939345,0.024883359253499222,0.3654743390357698,0.2006220839813375
sim_17,52,0.42457231726283046,0.041990668740279936,0.36391912908242613,0.16951788491446346
sim_17,53,0.41448382126348227,0.040061633281972264,0.35130970724191063,0.1941448382126348
sim_17,54,0.4269005847953216,0.03070175438596491,0.36257309941520466,0.17982456140350878
sim_17,55,0.41536273115220484,0.025604551920341393,0.35988620199146515,0.19914651493598862
sim_17,56,0.4580265095729013,0.026509572901325478,0.3166421207658321,0.19882179675994108
sim_17,57,0.4341736694677871,0.028011204481792718,0.34173669467787116,0.19607843137254902
sim_17,58,0.44566712517193946,0.016506189821182942,0.33837689133425036,0.19944979367262725
sim_17,59,0.3910690121786198,0.044654939106901215,0.36671177266576455,0.1975642760487145
sim_17,60,0.4042838018741633,0.038821954484605084,0.3708165997322624,0.18607764390896922
sim_17,61,0.4309462915601023,0.0370843989769821,0.3414322250639386,0.19053708439897699
sim_17,62,0.39777468706536856,0.031988873435326845,0.3379694019471488,0.23226703755215578
sim_17,63,0.41086186540731995,0.03423848878394333,0.33884297520661155,0.21605667060212513
sim_17,64,0.42159383033419023,0.03598971722365039,0.34318766066838047,0.19922879177377892
sim_17,65,0.42857142857142855,0.034782608695652174,0.3552795031055901,0.1813664596273292
sim_18,21,0.42492917847025496,0.059490084985835696,0.31444759206798867,0.20113314447592068
sim_18,22,0.4765625,0.028645833333333332,0.3072916666666667,0.1875
sim_18,23,0.4682352941176471,0.01411764705882353,0.33176470588235296,0.18588235294117647
sim_18,24,0.3884514435695538,0.031496062992125984,0.35170603674540685,0.2283464566929134
sim_18,25,0.42587601078167114,0.02425876010781671,0.3584905660377358,0.19137466307277629
sim_18,26,0.4267352185089974,0.05141388174807198,0.32390745501285345,0.19794344473007713
sim_18,27,0.39540816326530615,0.025510204081632654,0.3647959183673469,0.21428571428571427
sim_18,28,0.3771712158808933,0.04714640198511166,0.3870967741935484,0.18858560794044665
sim_18,29,0.3910761154855643,0.031496062992125984,0.3858267716535433,0.19160104986876642
sim_18,30,0.37317073170731707,0.041463414634146344,0.37317073170731707,0.2121951219512195
sim_18,31,0.4282238442822384,0.021897810218978103,0.31386861313868614,0.2360097323600973
sim_18,32,0.39805825242718446,0.024271844660194174,0.3762135922330097,0.20145631067961164
sim_18,33,0.38497652582159625,0.046948356807511735,0.3755868544600939,0.19248826291079812
sim_18,34,0.38028169014084506,0.04225352112676056,0.3779342723004695,0.19953051643192488
sim_18,35,0.40948275862068967,0.034482758620689655,0.3728448275862069,0.18318965517241378
sim_18,36,0.38028169014084506,0.03286384976525822,0.42018779342723006,0.16666666666666666
sim_18,37,0.4091858037578288,0.037578288100208766,0.3444676409185804,0.20876826722338204
sim_18,38,0.42073170731707316,0.034552845528455285,0.3516260162601626,0.19308943089430894
sim_18,39,0.39436619718309857,0.03621730382293763,0.386317907444668,0.18309859154929578
sim_18,40,0.41818181818181815,0.022222222222222223,0.37777777777777777,0.18181818181818182
sim_18,41,0.44357976653696496,0.042801556420233464,0.33657587548638135,0.17704280155642024
sim_18,42,0.4187725631768953,0.03429602888086643,0.3267148014440433,0.22021660649819494
sim_18,43,0.3767857142857143,0.025,0.375,0.22321428571428573
sim_18,44,0.3567567567567568,0.04684684684684685,0.3837837837837838,0.2126126126126126
sim_18,45,0.40145985401459855,0.0364963503649635,0.3777372262773723,0.1843065693430657
sim_18,46,0.3555956678700361,0.04332129963898917,0.37545126353790614,0.22563176895306858
sim_18,47,0.3803339517625232,0.04267161410018553,0.3302411873840445,0.24675324675324675
sim_18,48,0.39655172413793105,0.02586206896551724,0.3568965517241379,0.2206896551724138
sim_18,49,0.37337662337662336,0.040584415584415584,0.3782467532467532,0.2077922077922078
sim_18,50,0.3765625,0.0515625,0.3875,0.184375
sim_18,51,0.40765391014975044,0.029950083194675542,0.3577371048252912,0.20465890183028287
sim_18,52,0.39514978601997147,0.03281027104136947,0.369472182596291,0.20256776034236804
sim_18,53,0.4042232277526395,0.03469079939668175,0.358974358974359,0.20211161387631976
sim_18,54,0.3867403314917127,0.03314917127071823,0.35359116022099446,0.2265193370165746
sim_18,55,0.33866666666666667,0.036,0.4186666666666667,0.20666666666666667
sim_18,56,0.38089171974522296,0.04076433121019108,0.37070063694267513,0.20764331210191084
sim_18,57,0.35714285714285715,0.04497354497354497,0.3888888888888889,0.20899470899470898
sim_18,58,0.3634085213032581,0.046365914786967416,0.38847117794486213,0.20175438596491227
sim_18,59,0.316043425814234,0.04945717732207479,0.37273823884197826,0.2617611580217129
sim_18,60,0.33737864077669905,0.044902912621359224,0.3932038834951456,0.22451456310679613
sim_18,61,0.34970059880239523,0.03592814371257485,0.40119760479041916,0.21317365269461078
sim_18,62,0.33674630261660976,0.03526734926052332,0.4050056882821388,0.2229806598407281
sim_18,63,0.36163175303197354,0.03307607497243661,0.39250275633958104,0.2127894156560088
sim_18,64,0.34263392857142855,0.03571428571428571,0.38058035714285715,0.24107142857142858
sim_18,65,0.34787018255578095,0.032454361054766734,0.40365111561866124,0.21602434077079108
sim_19,21,0.5061728395061729,0.044444444444444446,0.2691358024691358,0.18024691358024691
sim_19,22,0.45897435897435895,0.035897435897435895,0.3076923076923077,0.19743589743589743
sim_19,23,0.4883116883116883,0.04935064935064935,0.2753246753246753,0.18701298701298702
sim_19,24,0.49391727493917276,0.038929440389294405,0.31386861313868614,0.15328467153284672
sim_19,25,0.4820936639118457,0.027548209366391185,0.31955922865013775,0.17079889807162535
sim_19,26,0.44554455445544555,0.05198019801980198,0.3193069306930693,0.18316831683168316
